1	19.34
2	19.34
3	19.34
4	19.34
5	19.34
6	19.34
7	19.34
8	19.34
9	19.34
10	19.34
11	19.34
12	19.34
13	19.34
14	19.34
15	19.34
16	19.34
17	19.34
18	19.34
19	19.34
20	19.34
21	19.34
22	19.34
23	19.34
24	19.34
25	19.34
26	19.34
27	19.34
28	19.34
29	19.34
30	19.34
31	19.34
32	19.34
33	19.34
34	19.34
35	19.34
36	19.34
37	19.34
38	19.34
39	19.34
40	19.34
41	19.34
42	19.34
43	19.34
44	19.34
45	19.34
46	19.34
47	19.34
48	19.38
49	19.63
50	20.09
51	20.45
52	20.96
53	21.57
54	22.17
55	22.53
56	22.89
57	23.09
58	23.27
59	23.43
60	23.51
61	23.56
62	23.57
63	23.55
64	23.51
65	23.46
66	23.4
67	23.28
68	23.14
69	23.05
70	22.93
71	22.76
72	22.6
73	22.5
74	22.38
75	22.17
76	22
77	21.86
78	21.72
79	21.54
80	21.41
81	21.28
82	21.13
83	20.97
84	20.79
85	20.68
86	20.59
87	20.49
88	20.4
89	20.31
90	20.23
91	20.16
92	20.11
93	20.07
94	20.02
95	19.99
96	19.96
97	19.95
98	19.93
99	19.92
100	19.91
101	19.9
102	19.89
103	19.88
104	19.86
105	19.85
106	19.84
107	19.83
108	19.83
109	19.82
110	19.81
111	19.81
112	19.8
113	19.8
114	19.79
115	19.79
116	19.79
117	19.78
118	19.78
119	19.78
120	19.8
121	19.82
122	19.83
123	19.84
124	19.83
125	19.83
126	19.83
127	19.82
128	19.82
129	19.82
130	19.81
131	19.8
132	19.79
133	19.78
134	19.77
135	19.77
136	19.76
137	19.75
138	19.75
139	19.74
140	19.73
141	19.73
142	19.72
143	19.71
144	19.7
145	19.69
146	19.68
147	19.68
148	19.68
149	19.67
150	19.67
151	19.67
152	19.66
153	19.66
154	19.65
155	19.65
156	19.64
157	19.64
158	19.63
159	19.63
160	19.62
161	19.62
162	19.62
163	19.61
164	19.61
165	19.61
166	19.6
167	19.6
168	19.6
169	19.59
170	19.6
171	19.6
172	19.6
173	19.64
174	19.74
175	19.84
176	19.91
177	19.96
178	19.99
179	20.01
180	20.02
181	20.02
182	20.03
183	20.02
184	20.01
185	19.99
186	19.97
187	19.94
188	19.92
189	19.89
190	19.87
191	19.84
192	19.82
193	19.81
194	19.79
195	19.78
196	19.77
197	19.75
198	19.74
199	19.73
200	19.72
201	19.71
202	19.7
203	19.7
204	19.69
205	19.69
206	19.68
207	19.68
208	19.67
209	19.67
210	19.67
211	19.67
212	19.67
213	19.68
214	19.68
215	19.68
216	19.69
217	19.69
218	19.7
219	19.71
220	19.72
221	19.71
222	19.71
223	19.71
224	19.71
225	19.71
226	19.7
227	19.7
228	19.7
229	19.69
230	19.68
231	19.67
232	19.67
233	19.66
234	19.65
235	19.65
236	19.64
237	19.63
238	19.63
239	19.62
240	19.62
241	19.61
242	19.6
243	19.6
244	19.59
245	19.59
246	19.58
247	19.58
248	19.58
249	19.57
250	19.57
251	19.57
252	19.57
253	19.56
254	19.56
255	19.56
256	19.56
257	19.55
258	19.55
259	19.55
260	19.55
261	19.55
262	19.54
263	19.54
264	19.54
265	19.54
266	19.54
267	19.54
268	19.54
269	19.54
270	19.53
271	19.53
272	19.53
273	19.53
274	19.53
275	19.53
276	19.53
277	19.52
278	19.52
279	19.52
280	19.52
281	19.52
282	19.52
283	19.52
284	19.51
285	19.51
286	19.51
287	19.51
288	19.51
289	19.51
290	19.51
291	19.51
292	19.5
293	19.5
294	19.5
295	19.5
296	19.5
297	19.5
298	19.5
299	19.49
300	19.49
301	19.49
302	19.49
303	19.51
304	19.54
305	19.57
306	19.6
307	19.64
308	19.67
309	19.7
310	19.73
311	19.75
312	19.78
313	19.81
314	19.84
315	19.87
316	19.9
317	19.93
318	19.96
319	19.99
320	20.03
321	20.07
322	20.14
323	20.19
324	20.24
325	20.29
326	20.34
327	20.39
328	20.43
329	20.47
330	20.5
331	20.53
332	20.56
333	20.58
334	20.59
335	20.58
336	20.53
337	20.49
338	20.45
339	20.4
340	20.35
341	20.31
342	20.28
343	20.25
344	20.23
345	20.21
346	20.18
347	20.16
348	20.14
349	20.12
350	20.1
351	20.08
352	20.07
353	20.05
354	20.03
355	20.02
356	20
357	19.99
358	19.97
359	19.96
360	19.96
361	19.95
362	19.94
363	19.93
364	19.92
365	19.91
366	19.9
367	19.9
368	19.89
369	19.88
370	19.88
371	19.87
372	19.86
373	19.85
374	19.85
375	19.84
376	19.83
377	19.82
378	19.82
379	19.81
380	19.8
381	19.79
382	19.79
383	19.78
384	19.78
385	19.77
386	19.77
387	19.76
388	19.76
389	19.76
390	19.75
391	19.75
392	19.75
393	19.74
394	19.74
395	19.74
396	19.73
397	19.73
398	19.72
399	19.71
400	19.71
401	19.7
402	19.7
403	19.7
404	19.7
405	19.71
406	19.71
407	19.71
408	19.71
409	19.71
410	19.71
411	19.71
412	19.71
413	19.71
414	19.72
415	19.72
416	19.72
417	19.72
418	19.72
419	19.73
420	19.72
421	19.72
422	19.71
423	19.71
424	19.7
425	19.7
426	19.69
427	19.69
428	19.68
429	19.67
430	19.67
431	19.66
432	19.66
433	19.66
434	19.65
435	19.65
436	19.64
437	19.64
438	19.64
439	19.63
440	19.63
441	19.63
442	19.63
443	19.62
444	19.62
445	19.62
446	19.62
447	19.61
448	19.61
449	19.61
450	19.6
451	19.6
452	19.6
453	19.6
454	19.6
455	19.6
456	19.59
457	19.59
458	19.59
459	19.59
460	19.59
461	19.58
462	19.58
463	19.58
464	19.58
465	19.58
466	19.58
467	19.58
468	19.59
469	19.6
470	19.61
471	19.62
472	19.66
473	19.75
474	19.84
475	19.91
476	19.97
477	20.07
478	20.2
479	20.37
480	20.49
481	20.58
482	20.63
483	20.67
484	20.7
485	20.71
486	20.69
487	20.67
488	20.64
489	20.61
490	20.57
491	20.54
492	20.5
493	20.46
494	20.42
495	20.39
496	20.35
497	20.32
498	20.29
499	20.27
500	20.25
501	20.22
502	20.2
503	20.18
504	20.16
505	20.14
506	20.12
507	20.11
508	20.09
509	20.08
510	20.06
511	20.05
512	20.04
513	20.03
514	20.01
515	20
516	19.99
517	19.98
518	19.97
519	19.96
520	19.95
521	19.94
522	19.93
523	19.92
524	19.91
525	19.9
526	19.9
527	19.9
528	19.89
529	19.89
530	19.89
531	19.89
532	19.9
533	19.9
534	19.91
535	19.91
536	19.91
537	19.91
538	19.91
539	19.91
540	19.91
541	19.91
542	19.9
543	19.9
544	19.9
545	19.9
546	19.89
547	19.88
548	19.87
549	19.86
550	19.85
551	19.84
552	19.84
553	19.83
554	19.83
555	19.82
556	19.82
557	19.82
558	19.81
559	19.81
560	19.8
561	19.8
562	19.79
563	19.79
564	19.79
565	19.78
566	19.78
567	19.78
568	19.78
569	19.78
570	19.78
571	19.78
572	19.78
573	19.78
574	19.78
575	19.78
576	19.78
577	19.78
578	19.79
579	19.79
580	19.79
581	19.79
582	19.79
583	19.79
584	19.79
585	19.8
586	19.8
587	19.81
588	19.83
589	19.85
590	19.88
591	19.9
592	19.94
593	19.97
594	20.01
595	20.05
596	20.1
597	20.16
598	20.23
599	20.29
600	20.34
601	20.37
602	20.41
603	20.41
604	20.4
605	20.38
606	20.35
607	20.33
608	20.3
609	20.27
610	20.24
611	20.21
612	20.18
613	20.15
614	20.13
615	20.1
616	20.09
617	20.07
618	20.05
619	20.04
620	20.02
621	20
622	19.99
623	19.97
624	19.96
625	19.95
626	19.94
627	19.93
628	19.92
629	19.91
630	19.9
631	19.89
632	19.89
633	19.88
634	19.87
635	19.86
636	19.85
637	19.84
638	19.83
639	19.83
640	19.82
641	19.82
642	19.81
643	19.8
644	19.8
645	19.79
646	19.79
647	19.78
648	19.77
649	19.77
650	19.76
651	19.76
652	19.75
653	19.74
654	19.74
655	19.73
656	19.73
657	19.72
658	19.72
659	19.72
660	19.74
661	19.75
662	19.77
663	19.79
664	19.81
665	19.84
666	19.9
667	19.97
668	20.03
669	20.1
670	20.16
671	20.22
672	20.25
673	20.26
674	20.25
675	20.24
676	20.23
677	20.2
678	20.17
679	20.15
680	20.13
681	20.12
682	20.1
683	20.08
684	20.07
685	20.05
686	20.03
687	20.01
688	20
689	19.98
690	19.97
691	19.95
692	19.94
693	19.93
694	19.92
695	19.91
696	19.9
697	19.89
698	19.89
699	19.88
700	19.88
701	19.87
702	19.87
703	19.86
704	19.85
705	19.85
706	19.84
707	19.84
708	19.83
709	19.82
710	19.82
711	19.81
712	19.8
713	19.79
714	19.79
715	19.78
716	19.78
717	19.77
718	19.77
719	19.76
720	19.76
721	19.75
722	19.75
723	19.74
724	19.74
725	19.74
726	19.73
727	19.73
728	19.73
729	19.72
730	19.72
731	19.71
732	19.71
733	19.71
734	19.7
735	19.7
736	19.7
737	19.69
738	19.69
739	19.68
740	19.68
741	19.67
742	19.67
743	19.66
744	19.66
745	19.66
746	19.66
747	19.65
748	19.65
749	19.65
750	19.65
751	19.65
752	19.64
753	19.64
754	19.64
755	19.64
756	19.64
757	19.63
758	19.63
759	19.63
760	19.63
761	19.63
762	19.62
763	19.62
764	19.62
765	19.62
766	19.62
767	19.62
768	19.61
769	19.61
770	19.61
771	19.61
772	19.61
773	19.6
774	19.6
775	19.6
776	19.6
777	19.6
778	19.59
779	19.59
780	19.59
781	19.59
782	19.59
783	19.59
784	19.58
785	19.58
786	19.58
787	19.58
788	19.58
789	19.57
790	19.57
791	19.57
792	19.57
793	19.57
794	19.56
795	19.56
796	19.56
797	19.56
798	19.56
799	19.55
800	19.55
801	19.55
802	19.55
803	19.55
804	19.55
805	19.54
806	19.54
807	19.55
808	19.55
809	19.55
810	19.55
811	19.55
812	19.54
813	19.54
814	19.54
815	19.54
816	19.54
817	19.54
818	19.54
819	19.54
820	19.54
821	19.54
822	19.54
823	19.53
824	19.53
825	19.53
826	19.53
827	19.53
828	19.53
829	19.53
830	19.53
831	19.53
832	19.53
833	19.52
834	19.52
835	19.52
836	19.52
837	19.52
838	19.52
839	19.52
840	19.52
841	19.52
842	19.51
843	19.51
844	19.51
845	19.51
846	19.51
847	19.51
848	19.51
849	19.51
850	19.5
851	19.5
852	19.5
853	19.5
854	19.5
855	19.5
856	19.5
857	19.5
858	19.5
859	19.49
860	19.49
861	19.49
862	19.49
863	19.49
864	19.49
865	19.49
866	19.49
867	19.49
868	19.49
869	19.49
870	19.49
871	19.49
872	19.49
873	19.49
874	19.49
875	19.49
876	19.49
877	19.49
878	19.49
879	19.49
880	19.49
881	19.49
882	19.49
883	19.49
884	19.49
885	19.49
886	19.49
887	19.49
888	19.49
889	19.49
890	19.49
891	19.49
892	19.51
893	19.53
894	19.54
895	19.56
896	19.57
897	19.58
898	19.58
899	19.58
900	19.58
901	19.58
902	19.58
903	19.58
904	19.58
905	19.58
906	19.58
907	19.57
908	19.56
909	19.56
910	19.55
911	19.55
912	19.54
913	19.53
914	19.53
915	19.52
916	19.52
917	19.52
918	19.51
919	19.51
920	19.51
921	19.51
922	19.5
923	19.5
924	19.5
925	19.5
926	19.49
927	19.49
928	19.49
929	19.49
930	19.49
931	19.48
932	19.48
933	19.48
934	19.48
935	19.48
936	19.47
937	19.47
938	19.47
939	19.47
940	19.47
941	19.47
942	19.48
943	19.48
944	19.48
945	19.48
946	19.48
947	19.49
948	19.49
949	19.49
950	19.49
951	19.49
952	19.49
953	19.5
954	19.5
955	19.5
956	19.5
957	19.5
958	19.5
959	19.5
960	19.5
961	19.5
962	19.5
963	19.51
964	19.52
965	19.52
966	19.52
967	19.52
968	19.52
969	19.52
970	19.52
971	19.52
972	19.52
973	19.52
974	19.52
975	19.52
976	19.52
977	19.53
978	19.53
979	19.53
980	19.54
981	19.54
982	19.54
983	19.53
984	19.53
985	19.53
986	19.53
987	19.53
988	19.53
989	19.55
990	19.56
991	19.56
992	19.57
993	19.57
994	19.57
995	19.57
996	19.57
997	19.57
998	19.58
999	19.57
1000	19.57
1001	19.56
1002	19.56
1003	19.55
1004	19.55
1005	19.54
1006	19.53
1007	19.53
1008	19.52
1009	19.52
1010	19.51
1011	19.51
1012	19.51
1013	19.5
1014	19.5
1015	19.5
1016	19.49
1017	19.49
1018	19.49
1019	19.48
1020	19.48
1021	19.48
1022	19.48
1023	19.48
1024	19.47
1025	19.47
1026	19.47
1027	19.47
1028	19.46
1029	19.46
1030	19.46
1031	19.46
1032	19.46
1033	19.46
1034	19.45
1035	19.45
1036	19.45
1037	19.45
1038	19.45
1039	19.45
1040	19.45
1041	19.45
1042	19.45
1043	19.45
1044	19.45
1045	19.45
1046	19.45
1047	19.45
1048	19.45
1049	19.45
1050	19.45
1051	19.45
1052	19.44
1053	19.44
1054	19.44
1055	19.44
1056	19.44
1057	19.44
1058	19.44
1059	19.44
1060	19.44
1061	19.44
1062	19.44
1063	19.44
1064	19.44
1065	19.44
1066	19.44
1067	19.44
1068	19.44
1069	19.43
1070	19.43
1071	19.43
1072	19.42
1073	19.42
1074	19.42
1075	19.42
1076	19.41
1077	19.41
1078	19.41
1079	19.41
1080	19.41
1081	19.42
1082	19.42
1083	19.42
1084	19.42
1085	19.43
1086	19.43
1087	19.43
1088	19.43
1089	19.43
1090	19.43
1091	19.43
1092	19.43
1093	19.43
1094	19.43
1095	19.43
1096	19.43
1097	19.43
1098	19.43
1099	19.42
1100	19.42
1101	19.42
1102	19.42
1103	19.42
1104	19.42
1105	19.42
1106	19.42
1107	19.42
1108	19.42
1109	19.42
1110	19.42
1111	19.42
1112	19.42
1113	19.42
1114	19.42
1115	19.42
1116	19.42
1117	19.42
1118	19.41
1119	19.41
1120	19.41
1121	19.41
1122	19.41
1123	19.41
1124	19.41
1125	19.41
1126	19.41
1127	19.41
1128	19.41
1129	19.4
1130	19.4
1131	19.4
1132	19.4
1133	19.4
1134	19.4
1135	19.4
1136	19.4
1137	19.4
1138	19.4
1139	19.4
1140	19.39
1141	19.39
1142	19.39
1143	19.39
1144	19.39
1145	19.39
1146	19.39
1147	19.39
1148	19.39
1149	19.39
1150	19.39
1151	19.39
1152	19.39
1153	19.39
1154	19.39
1155	19.39
1156	19.39
1157	19.39
1158	19.39
1159	19.39
1160	19.39
1161	19.39
1162	19.39
1163	19.39
1164	19.39
1165	19.39
1166	19.39
1167	19.39
1168	19.39
1169	19.39
1170	19.39
1171	19.39
1172	19.4
1173	19.4
1174	19.4
1175	19.4
1176	19.4
1177	19.46
1178	19.58
1179	19.72
1180	19.8
1181	19.82
1182	19.81
1183	19.8
1184	19.77
1185	19.74
1186	19.72
1187	19.69
1188	19.66
1189	19.63
1190	19.6
1191	19.58
1192	19.57
1193	19.56
1194	19.55
1195	19.54
1196	19.53
1197	19.52
1198	19.51
1199	19.5
1200	19.48
1201	19.48
1202	19.47
1203	19.46
1204	19.45
1205	19.44
1206	19.44
1207	19.43
1208	19.43
1209	19.42
1210	19.41
1211	19.41
1212	19.41
1213	19.4
1214	19.4
1215	19.4
1216	19.39
1217	19.39
1218	19.39
1219	19.38
1220	19.38
1221	19.38
1222	19.37
1223	19.37
1224	19.37
1225	19.37
1226	19.37
1227	19.36
1228	19.36
1229	19.36
1230	19.36
1231	19.36
1232	19.36
1233	19.35
1234	19.35
1235	19.35
1236	19.35
1237	19.35
1238	19.33
1239	19.31
1240	19.31
1241	19.3
1242	19.3
1243	19.29
1244	19.29
1245	19.28
1246	19.28
1247	19.28
1248	19.27
1249	19.27
1250	19.27
1251	19.27
1252	19.27
1253	19.27
1254	19.26
1255	19.26
1256	19.26
1257	19.26
1258	19.26
1259	19.26
1260	19.25
1261	19.25
1262	19.25
1263	19.25
1264	19.25
1265	19.25
1266	19.24
1267	19.24
1268	19.24
1269	19.24
1270	19.24
1271	19.24
1272	19.23
1273	19.23
1274	19.23
1275	19.23
1276	19.23
1277	19.23
1278	19.23
1279	19.23
1280	19.23
1281	19.23
1282	19.22
1283	19.22
1284	19.22
1285	19.22
1286	19.22
1287	19.22
1288	19.22
1289	19.22
1290	19.22
1291	19.21
1292	19.21
1293	19.21
1294	19.21
1295	19.21
1296	19.21
1297	19.21
1298	19.21
1299	19.21
1300	19.21
1301	19.2
1302	19.2
1303	19.2
1304	19.2
1305	19.2
1306	19.2
1307	19.2
1308	19.2
1309	19.2
1310	19.2
1311	19.19
1312	19.19
1313	19.19
1314	19.19
1315	19.19
1316	19.19
1317	19.19
1318	19.19
1319	19.19
1320	19.19
1321	19.19
1322	19.19
1323	19.14
1324	19.13
1325	19.13
1326	19.13
1327	19.13
1328	19.13
1329	19.13
1330	19.13
1331	19.13
1332	19.13
1333	19.13
1334	19.12
1335	19.12
1336	19.12
1337	19.12
1338	19.12
1339	19.12
1340	19.12
1341	19.12
1342	19.12
1343	19.12
1344	19.11
1345	19.11
1346	19.11
1347	19.11
1348	19.11
1349	19.11
1350	19.11
1351	19.11
1352	19.11
1353	19.11
1354	19.11
1355	19.11
1356	19.1
1357	19.1
1358	19.1
1359	19.1
1360	19.1
1361	19.1
1362	19.1
1363	19.11
1364	19.11
1365	19.11
1366	19.12
1367	19.12
1368	19.12
1369	19.13
1370	19.13
1371	19.14
1372	19.15
1373	19.15
1374	19.16
1375	19.16
1376	19.16
1377	19.17
1378	19.17
1379	19.17
1380	19.18
1381	19.18
1382	19.18
1383	19.18
1384	19.18
1385	19.18
1386	19.17
1387	19.17
1388	19.17
1389	19.17
1390	19.17
1391	19.17
1392	19.17
1393	19.16
1394	19.16
1395	19.16
1396	19.16
1397	19.16
1398	19.16
1399	19.15
1400	19.15
1401	19.14
1402	19.14
1403	19.13
1404	19.13
1405	19.12
1406	19.12
1407	19.12
1408	19.12
1409	19.12
1410	19.11
1411	19.11
1412	19.11
1413	19.11
1414	19.1
1415	19.1
1416	19.1
1417	19.1
1418	19.1
1419	19.1
1420	19.1
1421	19.1
1422	19.1
1423	19.1
1424	19.1
1425	19.1
1426	19.1
1427	19.1
1428	19.1
1429	19.1
1430	19.1
1431	19.1
1432	19.1
1433	19.1
1434	19.1
1435	19.1
1436	19.1
1437	19.1
1438	19.1
1439	19.1
1440	19.1
1441	19.1
1442	19.1
1443	19.1
1444	19.1
1445	19.1
1446	19.1
1447	19.1
1448	19.1
1449	19.1
1450	19.1
1451	19.09
1452	19.09
1453	19.09
1454	19.09
1455	19.09
1456	19.09
1457	19.09
1458	19.09
1459	19.09
1460	19.09
1461	19.09
1462	19.09
1463	19.08
1464	19.08
1465	19.08
1466	19.08
1467	19.08
1468	19.1
1469	19.13
1470	19.17
1471	19.2
1472	19.23
1473	19.27
1474	19.3
1475	19.34
1476	19.37
1477	19.37
1478	19.37
1479	19.37
1480	19.37
1481	19.37
1482	19.37
1483	19.37
1484	19.37
1485	19.37
1486	19.37
1487	19.37
1488	19.37
1489	19.37
1490	19.37
1491	19.37
1492	19.37
1493	19.37
1494	19.37
1495	19.37
1496	19.36
1497	19.36
1498	19.36
1499	19.36
1500	19.36
1501	19.36
1502	19.36
1503	19.36
1504	19.36
1505	19.36
1506	19.36
1507	19.36
1508	19.36
1509	19.36
1510	19.36
1511	19.36
1512	19.36
1513	19.36
1514	19.36
1515	19.36
1516	19.36
1517	19.36
1518	19.36
1519	19.36
1520	19.36
1521	19.36
1522	19.36
1523	19.36
1524	19.36
1525	19.36
1526	19.36
1527	19.36
1528	19.36
1529	19.36
1530	19.36
1531	19.36
1532	19.36
1533	19.36
1534	19.36
1535	19.36
1536	19.36
1537	19.36
1538	19.36
1539	19.36
1540	19.36
1541	19.36
1542	19.36
1543	19.36
1544	19.36
1545	19.36
1546	19.36
1547	19.36
1548	19.36
1549	19.36
1550	19.35
1551	19.35
1552	19.35
1553	19.35
1554	19.35
1555	19.35
1556	19.35
1557	19.35
1558	19.35
1559	19.35
1560	19.35
1561	19.35
1562	19.35
1563	19.36
1564	19.36
1565	19.36
1566	19.36
1567	19.36
1568	19.36
1569	19.36
1570	19.36
1571	19.36
1572	19.36
1573	19.36
1574	19.36
1575	19.36
1576	19.36
1577	19.36
1578	19.36
1579	19.36
1580	19.36
1581	19.38
1582	19.4
1583	19.41
1584	19.42
1585	19.43
1586	19.43
1587	19.43
1588	19.43
1589	19.43
1590	19.43
1591	19.42
1592	19.42
1593	19.42
1594	19.42
1595	19.42
1596	19.41
1597	19.41
1598	19.41
1599	19.41
1600	19.41
1601	19.41
1602	19.4
1603	19.4
1604	19.4
1605	19.4
1606	19.4
1607	19.4
1608	19.39
1609	19.39
1610	19.39
1611	19.39
1612	19.39
1613	19.39
1614	19.38
1615	19.38
1616	19.38
1617	19.38
1618	19.38
1619	19.38
1620	19.38
1621	19.38
1622	19.37
1623	19.37
1624	19.37
1625	19.37
1626	19.37
1627	19.37
1628	19.37
1629	19.37
1630	19.37
1631	19.37
1632	19.37
1633	19.37
1634	19.36
1635	19.36
1636	19.36
1637	19.36
1638	19.36
1639	19.36
1640	19.36
1641	19.36
1642	19.36
1643	19.36
1644	19.36
1645	19.35
1646	19.37
1647	19.42
1648	19.46
1649	19.5
1650	19.51
1651	19.51
1652	19.5
1653	19.5
1654	19.5
1655	19.49
1656	19.49
1657	19.48
1658	19.47
1659	19.46
1660	19.46
1661	19.45
1662	19.45
1663	19.45
1664	19.44
1665	19.44
1666	19.43
1667	19.43
1668	19.43
1669	19.42
1670	19.42
1671	19.42
1672	19.42
1673	19.41
1674	19.41
1675	19.41
1676	19.41
1677	19.4
1678	19.4
1679	19.4
1680	19.4
1681	19.4
1682	19.39
1683	19.39
1684	19.39
1685	19.39
1686	19.39
1687	19.39
1688	19.38
1689	19.38
1690	19.38
1691	19.38
1692	19.38
1693	19.38
1694	19.38
1695	19.37
1696	19.37
1697	19.37
1698	19.37
1699	19.37
1700	19.37
1701	19.37
1702	19.37
1703	19.37
1704	19.36
1705	19.36
1706	19.36
1707	19.36
1708	19.36
1709	19.36
1710	19.36
1711	19.36
1712	19.35
1713	19.35
1714	19.36
1715	19.36
1716	19.36
1717	19.36
1718	19.36
1719	19.35
1720	19.35
1721	19.35
1722	19.35
1723	19.35
1724	19.35
1725	19.35
1726	19.35
1727	19.35
1728	19.35
1729	19.35
1730	19.35
1731	19.34
1732	19.34
1733	19.34
1734	19.34
1735	19.34
1736	19.34
1737	19.34
1738	19.34
1739	19.34
1740	19.34
1741	19.34
1742	19.34
1743	19.34
1744	19.34
1745	19.34
1746	19.34
1747	19.34
1748	19.34
1749	19.34
1750	19.34
1751	19.34
1752	19.34
1753	19.34
1754	19.34
1755	19.34
1756	19.34
1757	19.34
1758	19.34
1759	19.34
1760	19.34
1761	19.34
1762	19.34
1763	19.34
1764	19.34
1765	19.34
1766	19.34
1767	19.34
1768	19.34
1769	19.34
1770	19.34
1771	19.34
1772	19.34
1773	19.34
1774	19.34
1775	19.34
1776	19.34
1777	19.34
1778	19.34
1779	19.34
1780	19.34
1781	19.34
1782	19.34
1783	19.34
1784	19.34
1785	19.34
1786	19.34
1787	19.34
1788	19.34
1789	19.34
1790	19.34
1791	19.34
1792	19.34
1793	19.34
1794	19.34
1795	19.34
1796	19.34
1797	19.34
1798	19.33
1799	19.33
1800	19.33
1801	19.33
1802	19.33
1803	19.33
1804	19.33
1805	19.33
1806	19.33
1807	19.33
1808	19.33
1809	19.33
1810	19.33
1811	19.33
1812	19.33
1813	19.33
1814	19.33
1815	19.33
1816	19.33
1817	19.33
1818	19.33
1819	19.33
1820	19.33
1821	19.33
1822	19.33
1823	19.33
1824	19.33
1825	19.33
1826	19.34
1827	19.34
1828	19.34
1829	19.34
1830	19.34
1831	19.34
1832	19.34
1833	19.34
1834	19.35
1835	19.35
1836	19.35
1837	19.35
1838	19.35
1839	19.35
1840	19.35
1841	19.34
1842	19.34
1843	19.34
1844	19.34
1845	19.34
1846	19.34
1847	19.34
1848	19.34
1849	19.34
1850	19.34
1851	19.34
1852	19.34
1853	19.34
1854	19.34
1855	19.34
1856	19.34
1857	19.34
1858	19.34
1859	19.34
1860	19.35
1861	19.35
1862	19.35
1863	19.35
1864	19.35
1865	19.36
1866	19.36
1867	19.36
1868	19.36
1869	19.36
1870	19.36
1871	19.36
1872	19.36
1873	19.36
1874	19.36
1875	19.36
1876	19.36
1877	19.37
1878	19.37
1879	19.36
1880	19.36
1881	19.36
1882	19.36
1883	19.36
1884	19.36
1885	19.36
1886	19.36
1887	19.36
1888	19.35
1889	19.35
1890	19.35
1891	19.35
1892	19.35
1893	19.35
1894	19.35
1895	19.35
1896	19.34
1897	19.34
1898	19.34
1899	19.34
1900	19.34
1901	19.34
1902	19.34
1903	19.34
1904	19.34
1905	19.34
1906	19.34
1907	19.34
1908	19.34
1909	19.34
1910	19.34
1911	19.34
1912	19.34
1913	19.34
1914	19.34
1915	19.34
1916	19.34
1917	19.34
1918	19.34
1919	19.34
1920	19.34
1921	19.34
1922	19.35
1923	19.36
1924	19.38
1925	19.39
1926	19.41
1927	19.42
1928	19.43
1929	19.44
1930	19.45
1931	19.45
1932	19.46
1933	19.46
1934	19.46
1935	19.46
1936	19.46
1937	19.46
1938	19.46
1939	19.46
1940	19.46
1941	19.46
1942	19.46
1943	19.46
1944	19.46
1945	19.46
1946	19.46
1947	19.46
1948	19.46
1949	19.49
1950	19.51
1951	19.52
1952	19.53
1953	19.54
1954	19.54
1955	19.54
1956	19.54
1957	19.54
1958	19.53
1959	19.53
1960	19.52
1961	19.52
1962	19.52
1963	19.51
1964	19.51
1965	19.51
1966	19.5
1967	19.5
1968	19.5
1969	19.49
1970	19.49
1971	19.48
1972	19.48
1973	19.47
1974	19.47
1975	19.46
1976	19.46
1977	19.46
1978	19.45
1979	19.45
1980	19.44
1981	19.44
1982	19.43
1983	19.43
1984	19.43
1985	19.43
1986	19.42
1987	19.42
1988	19.42
1989	19.42
1990	19.41
1991	19.41
1992	19.41
1993	19.41
1994	19.4
1995	19.4
1996	19.4
1997	19.4
1998	19.4
1999	19.4
2000	19.4
2001	19.4
2002	19.4
2003	19.4
2004	19.4
2005	19.4
2006	19.39
2007	19.39
2008	19.39
2009	19.39
2010	19.39
2011	19.39
2012	19.39
2013	19.39
2014	19.39
2015	19.39
2016	19.39
2017	19.39
2018	19.38
2019	19.38
2020	19.38
2021	19.38
2022	19.38
2023	19.39
2024	19.47
2025	19.61
2026	19.74
2027	19.77
2028	19.78
2029	19.76
2030	19.74
2031	19.71
2032	19.69
2033	19.68
2034	19.66
2035	19.65
2036	19.63
2037	19.62
2038	19.6
2039	19.59
2040	19.57
2041	19.56
2042	19.55
2043	19.54
2044	19.53
2045	19.52
2046	19.51
2047	19.5
2048	19.49
2049	19.48
2050	19.48
2051	19.47
2052	19.47
2053	19.46
2054	19.46
2055	19.45
2056	19.45
2057	19.45
2058	19.44
2059	19.44
2060	19.44
2061	19.43
2062	19.43
2063	19.43
2064	19.42
2065	19.42
2066	19.42
2067	19.42
2068	19.41
2069	19.41
2070	19.41
2071	19.41
2072	19.4
2073	19.4
2074	19.4
2075	19.4
2076	19.39
2077	19.39
2078	19.39
2079	19.39
2080	19.39
2081	19.39
2082	19.39
2083	19.39
2084	19.39
2085	19.39
2086	19.39
2087	19.4
2088	19.4
2089	19.4
2090	19.4
2091	19.4
2092	19.4
2093	19.4
2094	19.4
2095	19.4
2096	19.4
2097	19.4
2098	19.4
2099	19.4
2100	19.4
2101	19.4
2102	19.4
2103	19.39
2104	19.39
2105	19.39
2106	19.39
2107	19.39
2108	19.39
2109	19.39
2110	19.38
2111	19.38
2112	19.38
2113	19.38
2114	19.38
2115	19.38
2116	19.38
2117	19.37
2118	19.37
2119	19.37
2120	19.37
2121	19.37
2122	19.37
2123	19.37
2124	19.37
2125	19.37
2126	19.37
2127	19.37
2128	19.36
2129	19.36
2130	19.36
2131	19.36
2132	19.36
2133	19.36
2134	19.36
2135	19.36
2136	19.36
2137	19.36
2138	19.36
2139	19.36
2140	19.36
2141	19.36
2142	19.36
2143	19.36
2144	19.36
2145	19.36
2146	19.36
2147	19.36
2148	19.4
2149	19.5
2150	19.56
2151	19.59
2152	19.61
2153	19.61
2154	19.6
2155	19.59
2156	19.58
2157	19.57
2158	19.57
2159	19.56
2160	19.55
2161	19.54
2162	19.53
2163	19.52
2164	19.52
2165	19.52
2166	19.51
2167	19.51
2168	19.5
2169	19.5
2170	19.5
2171	19.49
2172	19.49
2173	19.49
2174	19.49
2175	19.49
2176	19.49
2177	19.49
2178	19.49
2179	19.49
2180	19.49
2181	19.49
2182	19.49
2183	19.49
2184	19.48
2185	19.76
2186	19.75
2187	19.74
2188	19.73
2189	19.71
2190	19.7
2191	19.7
2192	19.69
2193	19.69
2194	19.68
2195	19.68
2196	19.68
2197	19.67
2198	19.67
2199	19.66
2200	19.66
2201	19.65
2202	19.65
2203	19.64
2204	19.64
2205	19.63
2206	19.63
2207	19.63
2208	19.62
2209	19.62
2210	19.62
2211	19.61
2212	19.61
2213	19.61
2214	19.6
2215	19.6
2216	19.6
2217	19.6
2218	19.59
2219	19.59
2220	19.59
2221	19.59
2222	19.58
2223	19.58
2224	19.58
2225	19.58
2226	19.57
2227	19.57
2228	19.57
2229	19.57
2230	19.56
2231	19.56
2232	19.56
2233	19.56
2234	19.56
2235	19.55
2236	19.55
2237	19.55
2238	19.55
2239	19.54
2240	19.54
2241	19.54
2242	19.54
2243	19.53
2244	19.53
2245	19.53
2246	19.53
2247	19.52
2248	19.52
2249	19.52
2250	19.52
2251	19.52
2252	19.52
2253	19.52
2254	19.52
2255	19.52
2256	19.52
2257	19.52
2258	19.52
2259	19.51
2260	19.51
2261	19.51
2262	19.53
2263	19.56
2264	19.58
2265	19.6
2266	19.61
2267	19.63
2268	19.62
2269	19.62
2270	19.62
2271	19.62
2272	19.61
2273	19.6
2274	19.6
2275	19.6
2276	19.61
2277	19.61
2278	19.61
2279	19.61
2280	19.6
2281	19.6
2282	19.6
2283	19.6
2284	19.59
2285	19.59
2286	19.59
2287	19.59
2288	19.59
2289	19.59
2290	19.59
2291	19.59
2292	19.59
2293	19.59
2294	19.59
2295	19.59
2296	19.59
2297	19.59
2298	19.6
2299	19.6
2300	19.6
2301	19.6
2302	19.6
2303	19.6
2304	19.6
2305	19.6
2306	19.6
2307	19.6
2308	19.6
2309	19.61
2310	19.61
2311	19.61
2312	19.61
2313	19.61
2314	19.61
2315	19.61
2316	19.62
2317	19.62
2318	19.62
2319	19.63
2320	19.64
2321	19.64
2322	19.64
2323	19.64
2324	19.64
2325	19.63
2326	19.63
2327	19.63
2328	19.63
2329	19.62
2330	19.62
2331	19.61
2332	19.61
2333	19.61
2334	19.6
2335	19.6
2336	19.6
2337	19.59
2338	19.59
2339	19.58
2340	19.58
2341	19.57
2342	19.57
2343	19.56
2344	19.55
2345	19.55
2346	19.54
2347	19.54
2348	19.54
2349	19.54
2350	19.55
2351	19.55
2352	19.55
2353	19.55
2354	19.55
2355	19.55
2356	19.55
2357	19.55
2358	19.55
2359	19.55
2360	19.55
2361	19.55
2362	19.55
2363	19.55
2364	19.56
2365	19.56
2366	19.56
2367	19.57
2368	19.57
2369	19.58
2370	19.58
2371	19.59
2372	19.59
2373	19.59
2374	19.59
2375	19.59
2376	19.58
2377	19.58
2378	19.58
2379	19.58
2380	19.58
2381	19.57
2382	19.57
2383	19.57
2384	19.56
2385	19.56
2386	19.56
2387	19.56
2388	19.55
2389	19.55
2390	19.55
2391	19.54
2392	19.54
2393	19.54
2394	19.54
2395	19.54
2396	19.53
2397	19.53
2398	19.53
2399	19.53
2400	19.53
2401	19.52
2402	19.52
2403	19.52
2404	19.52
2405	19.52
2406	19.51
2407	19.51
2408	19.51
2409	19.51
2410	19.51
2411	19.51
2412	19.51
2413	19.51
2414	19.51
2415	19.51
2416	19.51
2417	19.51
2418	19.51
2419	19.51
2420	19.51
2421	19.51
2422	19.51
2423	19.51
2424	19.51
2425	19.51
2426	19.51
2427	19.51
2428	19.51
2429	19.51
2430	19.51
2431	19.51
2432	19.51
2433	19.5
2434	19.5
2435	19.5
2436	19.5
2437	19.5
2438	19.5
2439	19.5
2440	19.5
2441	19.5
2442	19.5
2443	19.5
2444	19.5
2445	19.5
2446	19.5
2447	19.5
2448	19.5
2449	19.5
2450	19.5
2451	19.5
2452	19.49
2453	19.49
2454	19.49
2455	19.49
2456	19.49
2457	19.49
2458	19.49
2459	19.49
2460	19.49
2461	19.49
2462	19.49
2463	19.49
2464	19.49
2465	19.49
2466	19.49
2467	19.49
2468	19.49
2469	19.49
2470	19.49
2471	19.49
2472	19.49
2473	19.49
2474	19.49
2475	19.49
2476	19.49
2477	19.49
2478	19.49
2479	19.48
2480	19.48
2481	19.48
2482	19.48
2483	19.48
2484	19.48
2485	19.48
2486	19.48
2487	19.48
2488	19.47
2489	19.47
2490	19.47
2491	19.47
2492	19.47
2493	19.47
2494	19.47
2495	19.47
2496	19.49
2497	19.54
2498	19.57
2499	19.6
2500	19.62
2501	19.65
2502	19.68
2503	19.71
2504	19.73
2505	19.74
2506	19.74
2507	19.75
2508	19.75
2509	19.77
2510	19.79
2511	19.8
2512	19.81
2513	19.8
2514	19.79
2515	19.79
2516	19.77
2517	19.76
2518	19.75
2519	19.73
2520	19.72
2521	19.71
2522	19.69
2523	19.67
2524	19.66
2525	19.65
2526	19.64
2527	19.63
2528	19.62
2529	19.61
2530	19.6
2531	19.59
2532	19.59
2533	19.58
2534	19.57
2535	19.57
2536	19.56
2537	19.56
2538	19.55
2539	19.54
2540	19.53
2541	19.53
2542	19.53
2543	19.52
2544	19.52
2545	19.51
2546	19.51
2547	19.5
2548	19.5
2549	19.5
2550	19.49
2551	19.49
2552	19.49
2553	19.48
2554	19.48
2555	19.48
2556	19.47
2557	19.47
2558	19.47
2559	19.46
2560	19.46
2561	19.45
2562	19.45
2563	19.45
2564	19.45
2565	19.44
2566	19.44
2567	19.44
2568	19.44
2569	19.44
2570	19.44
2571	19.44
2572	19.43
2573	19.45
2574	19.5
2575	19.53
2576	19.56
2577	19.59
2578	19.64
2579	19.74
2580	20.07
2581	20.29
2582	20.4
2583	20.49
2584	20.54
2585	20.58
2586	20.58
2587	20.56
2588	20.52
2589	20.45
2590	20.39
2591	20.34
2592	20.3
2593	20.26
2594	20.22
2595	20.18
2596	20.15
2597	20.12
2598	20.09
2599	20.07
2600	20.05
2601	20.04
2602	20.05
2603	20.06
2604	20.1
2605	20.17
2606	20.21
2607	20.23
2608	20.22
2609	20.22
2610	20.21
2611	20.2
2612	20.18
2613	20.16
2614	20.14
2615	20.12
2616	20.09
2617	20.07
2618	20.04
2619	20.01
2620	19.99
2621	19.97
2622	19.95
2623	19.94
2624	19.93
2625	19.91
2626	19.9
2627	19.88
2628	19.87
2629	19.86
2630	19.84
2631	19.83
2632	19.82
2633	19.81
2634	19.8
2635	19.79
2636	19.78
2637	19.77
2638	19.77
2639	19.76
2640	19.75
2641	19.75
2642	19.74
2643	19.73
2644	19.73
2645	19.72
2646	19.71
2647	19.7
2648	19.69
2649	19.69
2650	19.68
2651	19.67
2652	19.67
2653	19.66
2654	19.65
2655	19.65
2656	19.64
2657	19.64
2658	19.63
2659	19.64
2660	19.64
2661	19.64
2662	19.64
2663	19.64
2664	19.65
2665	19.68
2666	19.71
2667	19.76
2668	19.82
2669	19.88
2670	19.95
2671	20.02
2672	20.06
2673	20.09
2674	20.12
2675	20.13
2676	20.12
2677	20.11
2678	20.1
2679	20.09
2680	20.07
2681	20.06
2682	20.05
2683	20.03
2684	20.01
2685	19.99
2686	19.96
2687	19.93
2688	19.91
2689	19.89
2690	19.89
2691	19.89
2692	19.89
2693	19.89
2694	19.89
2695	19.89
2696	19.89
2697	19.89
2698	19.89
2699	19.88
2700	19.88
2701	19.87
2702	19.86
2703	19.85
2704	19.85
2705	19.84
2706	19.83
2707	19.82
2708	19.81
2709	19.8
2710	19.79
2711	19.78
2712	19.76
2713	19.75
2714	19.74
2715	19.73
2716	19.72
2717	19.71
2718	19.7
2719	19.7
2720	19.69
2721	19.68
2722	19.68
2723	19.67
2724	19.67
2725	19.66
2726	19.66
2727	19.65
2728	19.65
2729	19.64
2730	19.64
2731	19.63
2732	19.63
2733	19.62
2734	19.62
2735	19.62
2736	19.62
2737	19.62
2738	19.62
2739	19.61
2740	19.61
2741	19.61
2742	19.61
2743	19.61
2744	19.62
2745	19.63
2746	19.64
2747	19.64
2748	19.64
2749	19.65
2750	19.65
2751	19.65
2752	19.65
2753	19.65
2754	19.65
2755	19.65
2756	19.65
2757	19.66
2758	19.66
2759	19.67
2760	19.67
2761	19.68
2762	19.68
2763	19.69
2764	19.69
2765	19.7
2766	19.7
2767	19.71
2768	19.72
2769	19.73
2770	19.73
2771	19.73
2772	19.73
2773	19.74
2774	19.74
2775	19.74
2776	19.74
2777	19.74
2778	19.74
2779	19.74
2780	19.74
2781	19.74
2782	19.73
2783	19.73
2784	19.73
2785	19.72
2786	19.72
2787	19.71
2788	19.7
2789	19.7
2790	19.69
2791	19.68
2792	19.68
2793	19.67
2794	19.67
2795	19.66
2796	19.66
2797	19.66
2798	19.65
2799	19.65
2800	19.64
2801	19.64
2802	19.63
2803	19.63
2804	19.63
2805	19.62
2806	19.62
2807	19.62
2808	19.61
2809	19.61
2810	19.61
2811	19.61
2812	19.6
2813	19.6
2814	19.6
2815	19.6
2816	19.6
2817	19.59
2818	19.59
2819	19.59
2820	19.59
2821	19.59
2822	19.59
2823	19.6
2824	19.59
2825	19.59
2826	19.59
2827	19.59
2828	19.59
2829	19.59
2830	19.58
2831	19.58
2832	19.58
2833	19.58
2834	19.58
2835	19.57
2836	19.57
2837	19.57
2838	19.57
2839	19.57
2840	19.57
2841	19.57
2842	19.57
2843	19.56
2844	19.56
2845	19.56
2846	19.56
2847	19.56
2848	19.56
2849	19.56
2850	19.56
2851	19.55
2852	19.55
2853	19.55
2854	19.55
2855	19.55
2856	19.55
2857	19.55
2858	19.55
2859	19.54
2860	19.54
2861	19.54
2862	19.54
2863	19.54
2864	19.54
2865	19.54
2866	19.54
2867	19.54
2868	19.54
2869	19.54
2870	19.53
2871	19.53
2872	19.53
2873	19.53
2874	19.53
2875	19.53
2876	19.53
2877	19.53
2878	19.53
2879	19.53
2880	19.53
2881	19.52
2882	19.52
2883	19.52
2884	19.52
2885	19.52
2886	19.52
2887	19.52
2888	19.52
2889	19.52
2890	19.51
2891	19.51
2892	19.51
2893	19.51
2894	19.51
2895	19.51
2896	19.51
2897	19.51
2898	19.51
2899	19.51
2900	19.5
2901	19.5
2902	19.5
2903	19.5
2904	19.5
2905	19.5
2906	19.5
2907	19.5
2908	19.5
2909	19.49
2910	19.49
2911	19.49
2912	19.49
2913	19.49
2914	19.49
2915	19.49
2916	19.48
2917	19.48
2918	19.48
2919	19.48
2920	19.48
2921	19.48
2922	19.48
2923	19.47
2924	19.47
2925	19.47
2926	19.47
2927	19.47
2928	19.47
2929	19.47
2930	19.46
2931	19.46
2932	19.46
2933	19.46
2934	19.46
2935	19.46
2936	19.46
2937	19.46
2938	19.46
2939	19.46
2940	19.46
2941	19.46
2942	19.46
2943	19.46
2944	19.46
2945	19.46
2946	19.45
2947	19.45
2948	19.45
2949	19.45
2950	19.46
2951	19.47
2952	19.48
2953	19.49
2954	19.52
2955	19.55
2956	19.59
2957	19.64
2958	19.69
2959	19.74
2960	19.79
2961	19.83
2962	19.86
2963	19.88
2964	19.9
2965	19.89
2966	19.88
2967	19.87
2968	19.86
2969	19.85
2970	19.83
2971	19.82
2972	19.8
2973	19.78
2974	19.77
2975	19.75
2976	19.73
2977	19.72
2978	19.7
2979	19.69
2980	19.68
2981	19.67
2982	19.67
2983	19.66
2984	19.65
2985	19.64
2986	19.63
2987	19.63
2988	19.62
2989	19.61
2990	19.61
2991	19.6
2992	19.6
2993	19.59
2994	19.58
2995	19.58
2996	19.57
2997	19.57
2998	19.56
2999	19.56
3000	19.55
3001	19.55
3002	19.55
3003	19.54
3004	19.54
3005	19.53
3006	19.53
3007	19.53
3008	19.52
3009	19.52
3010	19.52
3011	19.52
3012	19.52
3013	19.52
3014	19.52
3015	19.52
3016	19.52
3017	19.52
3018	19.53
3019	19.54
3020	19.55
3021	19.58
3022	19.63
3023	19.73
3024	19.88
3025	19.97
3026	20.06
3027	20.12
3028	20.14
3029	20.16
3030	20.14
3031	20.11
3032	20.07
3033	20.03
3034	20
3035	19.99
3036	20.05
3037	20.07
3038	20.11
3039	20.2
3040	20.35
3041	20.49
3042	20.6
3043	20.81
3044	21
3045	21.09
3046	21.13
3047	21.15
3048	21.17
3049	21.19
3050	21.18
3051	21.16
3052	21.13
3053	21.08
3054	21.04
3055	20.98
3056	20.93
3057	20.88
3058	20.83
3059	20.77
3060	20.71
3061	20.65
3062	20.6
3063	20.54
3064	20.5
3065	20.49
3066	20.47
3067	20.45
3068	20.44
3069	20.43
3070	20.42
3071	19.66
3072	19.66
3073	19.66
3074	19.65
3075	19.65
3076	19.65
3077	19.64
3078	19.64
3079	19.64
3080	19.64
3081	19.63
3082	19.63
3083	19.63
3084	19.64
3085	19.65
3086	19.65
3087	19.65
3088	19.65
3089	19.65
3090	19.64
3091	19.64
3092	19.64
3093	19.64
3094	19.63
3095	19.63
3096	19.62
3097	19.62
3098	19.61
3099	19.61
3100	19.61
3101	19.61
3102	19.6
3103	19.6
3104	19.6
3105	19.6
3106	19.6
3107	19.6
3108	19.6
3109	19.6
3110	19.6
3111	19.6
3112	19.6
3113	19.6
3114	19.6
3115	19.6
3116	19.6
3117	19.6
3118	19.6
3119	19.6
3120	19.6
3121	19.6
3122	19.6
3123	19.6
3124	19.6
3125	19.6
3126	19.6
3127	19.6
3128	19.6
3129	19.61
3130	19.61
3131	19.61
3132	19.61
3133	19.61
3134	19.61
3135	19.61
3136	19.61
3137	19.61
3138	19.61
3139	19.61
3140	19.61
3141	19.61
3142	19.6
3143	19.6
3144	19.6
3145	19.6
3146	19.6
3147	19.6
3148	19.6
3149	19.6
3150	19.6
3151	19.6
3152	19.6
3153	19.6
3154	19.6
3155	19.6
3156	19.6
3157	19.6
3158	19.6
3159	19.6
3160	19.6
3161	19.6
3162	19.6
3163	19.6
3164	19.6
3165	19.61
3166	19.61
3167	19.61
3168	19.61
3169	19.61
3170	19.61
3171	19.61
3172	19.62
3173	19.62
3174	19.62
3175	19.62
3176	19.62
3177	19.62
3178	19.62
3179	19.62
3180	19.62
3181	19.62
3182	19.62
3183	19.62
3184	19.62
3185	19.62
3186	19.62
3187	19.62
3188	19.61
3189	19.61
3190	19.61
3191	19.61
3192	19.61
3193	19.61
3194	19.61
3195	19.61
3196	19.61
3197	19.61
3198	19.61
3199	19.61
3200	19.61
3201	19.61
3202	19.61
3203	19.61
3204	19.61
3205	19.61
3206	19.61
3207	19.61
3208	19.6
3209	19.6
3210	19.6
3211	19.6
3212	19.6
3213	19.6
3214	19.6
3215	19.6
3216	19.6
3217	19.6
3218	19.6
3219	19.6
3220	19.6
3221	19.6
3222	19.6
3223	19.6
3224	19.6
3225	19.6
3226	19.6
3227	19.59
3228	19.59
3229	19.59
3230	19.59
3231	19.59
3232	19.59
3233	19.59
3234	19.59
3235	19.59
3236	19.59
3237	19.59
3238	19.59
3239	19.59
3240	19.59
3241	19.59
3242	19.59
3243	19.59
3244	19.59
3245	19.59
3246	19.59
3247	19.59
3248	19.59
3249	19.59
3250	19.59
3251	19.59
3252	19.59
3253	19.59
3254	19.59
3255	19.59
3256	19.59
3257	19.59
3258	19.59
3259	19.59
3260	19.59
3261	19.59
3262	19.59
3263	19.59
3264	19.59
3265	19.59
3266	19.6
3267	19.6
3268	19.6
3269	19.6
3270	19.6
3271	19.6
3272	19.6
3273	19.6
3274	19.6
3275	19.6
3276	19.6
3277	19.6
3278	19.6
3279	19.6
3280	19.6
3281	19.6
3282	19.6
3283	19.6
3284	19.6
3285	19.6
3286	19.6
3287	19.6
3288	19.6
3289	19.6
3290	19.6
3291	19.6
3292	19.59
3293	19.59
3294	19.59
3295	19.59
3296	19.59
3297	19.59
3298	19.59
3299	19.59
3300	19.59
3301	19.59
3302	19.59
3303	19.59
3304	19.59
3305	19.59
3306	19.59
3307	19.59
3308	19.59
3309	19.59
3310	19.59
3311	19.59
3312	19.59
3313	19.59
3314	19.59
3315	19.59
3316	19.59
3317	19.59
3318	19.59
3319	19.59
3320	19.59
3321	19.59
3322	19.59
3323	19.59
3324	19.59
3325	19.59
3326	19.59
3327	19.59
3328	19.59
3329	19.59
3330	19.59
3331	19.59
3332	19.59
3333	19.59
3334	19.59
3335	19.59
3336	19.59
3337	19.59
3338	19.59
3339	19.59
3340	19.59
3341	19.59
3342	19.6
3343	19.6
3344	19.6
3345	19.6
3346	19.6
3347	19.6
3348	21.46
3349	21.46
3350	21.47
3351	21.47
3352	21.47
3353	21.47
3354	21.47
3355	21.47
3356	21.48
3357	21.49
3358	21.54
3359	21.59
3360	21.64
3361	21.7
3362	21.77
3363	21.83
3364	21.87
3365	21.92
3366	21.95
3367	21.98
3368	22
3369	22.02
3370	22.04
3371	22.05
3372	22.08
3373	22.1
3374	22.13
3375	22.16
3376	22.19
3377	22.23
3378	22.27
3379	22.31
3380	22.35
3381	22.39
3382	22.43
3383	22.48
3384	22.55
3385	22.61
3386	22.66
3387	22.74
3388	22.81
3389	22.89
3390	22.95
3391	23.03
3392	23.12
3393	23.18
3394	23.24
3395	23.3
3396	23.36
3397	23.43
3398	23.49
3399	23.55
3400	23.6
3401	23.66
3402	23.71
3403	23.74
3404	23.76
3405	23.77
3406	23.79
3407	23.8
3408	23.81
3409	23.82
3410	23.84
3411	23.86
3412	23.88
3413	23.92
3414	23.95
3415	23.98
3416	24.02
3417	24.05
3418	24.09
3419	24.13
3420	24.17
3421	24.21
3422	24.24
3423	24.28
3424	24.33
3425	24.37
3426	24.41
3427	24.46
3428	24.5
3429	24.54
3430	24.58
3431	24.61
3432	24.65
3433	24.69
3434	24.73
3435	24.77
3436	24.81
3437	24.85
3438	24.89
3439	24.92
3440	24.95
3441	24.98
3442	25.01
3443	25.03
3444	25.06
3445	25.09
3446	25.13
3447	25.15
3448	25.14
3449	25.12
3450	25.06
3451	25.02
3452	24.98
3453	24.95
3454	24.91
3455	24.88
3456	24.86
3457	24.84
3458	24.82
3459	24.8
3460	24.78
3461	24.76
3462	24.74
3463	24.72
3464	24.7
3465	24.67
3466	24.65
3467	24.64
3468	24.63
3469	24.62
3470	24.62
3471	24.62
3472	24.61
3473	24.61
3474	24.59
3475	24.58
3476	24.56
3477	24.53
3478	24.5
3479	24.47
3480	24.43
3481	24.25
3482	23.99
3483	23.84
3484	23.69
3485	23.54
3486	23.3
3487	23.16
3488	23.08
3489	22.86
3490	22.68
3491	22.59
3492	22.51
3493	22.42
3494	22.32
3495	22.18
3496	22
3497	21.83
3498	21.68
3499	21.6
3500	21.55
3501	21.57
3502	21.99
3503	21.99
3504	21.99
3505	21.98
3506	21.98
3507	21.97
3508	21.95
3509	21.91
3510	21.8
3511	21.7
3512	21.62
3513	21.55
3514	21.49
3515	21.43
3516	21.36
3517	21.27
3518	21.18
3519	21.1
3520	21.01
3521	20.94
3522	20.88
3523	20.83
3524	20.78
3525	20.72
3526	20.62
3527	22.98
3528	23.13
3529	23.24
3530	23.38
3531	23.48
3532	23.56
3533	23.63
3534	23.69
3535	23.75
3536	23.83
3537	23.9
3538	23.97
3539	24.06
3540	24.15
3541	24.22
3542	24.29
3543	24.36
3544	24.43
3545	24.48
3546	24.53
3547	24.58
3548	24.63
3549	24.69
3550	24.75
3551	24.8
3552	24.85
3553	24.89
3554	24.93
3555	24.96
3556	24.99
3557	24.92
3558	25.05
3559	25.08
3560	25.12
3561	25.16
3562	25.19
3563	25.22
3564	25.26
3565	25.28
3566	25.31
3567	25.33
3568	20.09
3569	20.09
3570	20.08
3571	20.08
3572	20.07
3573	20.07
3574	20.06
3575	20.06
3576	20.05
3577	20.04
3578	20.04
3579	20.04
3580	20.03
3581	20.03
3582	20.02
3583	20.02
3584	20.01
3585	20.01
3586	20
3587	19.99
3588	19.99
3589	19.98
3590	19.97
3591	19.97
3592	19.96
3593	19.96
3594	19.95
3595	19.95
3596	19.94
3597	19.94
3598	19.93
3599	19.93
3600	19.92
3601	19.92
3602	19.92
3603	19.91
3604	19.91
3605	19.91
3606	19.9
3607	19.9
3608	19.9
3609	19.89
3610	19.9
3611	19.9
3612	19.91
3613	19.91
3614	19.92
3615	19.93
3616	19.95
3617	19.97
3618	20
3619	20.04
3620	20.09
3621	20.18
3622	20.33
3623	20.47
3624	20.55
3625	20.61
3626	20.65
3627	20.69
3628	20.71
3629	20.72
3630	20.74
3631	20.76
3632	20.78
3633	20.79
3634	20.8
3635	20.78
3636	20.76
3637	20.74
3638	20.71
3639	20.68
3640	20.64
3641	20.6
3642	20.56
3643	20.52
3644	20.5
3645	20.48
3646	20.45
3647	20.43
3648	20.4
3649	20.37
3650	20.34
3651	20.32
3652	20.3
3653	20.28
3654	20.27
3655	20.25
3656	20.24
3657	20.22
3658	20.2
3659	20.18
3660	20.17
3661	20.16
3662	20.14
3663	20.13
3664	20.12
3665	20.11
3666	20.1
3667	20.09
3668	20.08
3669	20.08
3670	20.07
3671	20.06
3672	20.06
3673	20.05
3674	20.04
3675	20.03
3676	20.02
3677	20.01
3678	20
3679	20
3680	19.99
3681	19.98
3682	19.98
3683	19.98
3684	19.97
3685	19.97
3686	19.96
3687	19.96
3688	19.96
3689	19.96
3690	19.95
3691	19.95
3692	19.95
3693	19.95
3694	19.95
3695	19.94
3696	19.94
3697	19.94
3698	19.94
3699	19.93
3700	19.93
3701	19.93
3702	19.92
3703	19.92
3704	19.92
3705	19.91
3706	19.91
3707	19.9
3708	19.9
3709	19.9
3710	19.9
3711	19.89
3712	19.89
3713	19.89
3714	19.88
3715	19.88
3716	19.88
3717	19.87
3718	19.87
3719	19.87
3720	19.87
3721	19.87
3722	19.86
3723	19.86
3724	19.86
3725	19.86
3726	19.85
3727	19.85
3728	19.85
3729	19.85
3730	19.82
3731	19.82
3732	19.82
3733	19.81
3734	19.81
3735	19.8
3736	19.8
3737	19.8
3738	19.79
3739	19.79
3740	19.79
3741	19.79
3742	19.78
3743	19.78
3744	19.78
3745	19.78
3746	19.77
3747	19.77
3748	19.77
3749	19.77
3750	19.77
3751	19.76
3752	19.76
3753	19.76
3754	19.75
3755	19.75
3756	19.75
3757	19.74
3758	19.74
3759	19.74
3760	19.73
3761	19.73
3762	19.73
3763	19.73
3764	19.72
3765	19.72
3766	19.72
3767	19.72
3768	19.71
3769	19.71
3770	19.71
3771	19.7
3772	19.7
3773	19.7
3774	19.7
3775	19.7
3776	19.7
3777	19.7
3778	19.7
3779	19.69
3780	19.69
3781	19.69
3782	19.69
3783	19.69
3784	19.69
3785	19.69
3786	19.68
3787	19.68
3788	19.68
3789	19.68
3790	19.68
3791	19.68
3792	19.68
3793	19.67
3794	19.67
3795	19.67
3796	19.67
3797	19.66
3798	19.66
3799	19.66
3800	19.66
3801	19.65
3802	19.65
3803	19.65
3804	19.65
3805	19.65
3806	19.64
3807	19.64
3808	19.64
3809	19.64
3810	19.64
3811	19.64
3812	19.63
3813	19.63
3814	19.63
3815	19.63
3816	19.63
3817	19.63
3818	19.63
3819	19.62
3820	19.62
3821	19.62
3822	19.62
3823	19.62
3824	19.62
3825	19.61
3826	19.61
3827	19.61
3828	19.61
3829	19.61
3830	19.61
3831	19.61
3832	19.61
3833	19.61
3834	19.61
3835	19.61
3836	19.6
3837	19.6
3838	19.6
3839	19.6
3840	19.6
3841	19.6
3842	19.6
3843	19.6
3844	19.6
3845	19.6
3846	19.6
3847	19.59
3848	19.59
3849	19.59
3850	19.59
3851	19.59
3852	19.58
3853	19.58
3854	19.58
3855	19.58
3856	19.57
3857	19.57
3858	19.57
3859	19.57
3860	19.56
3861	19.56
3862	19.56
3863	19.56
3864	19.56
3865	19.56
3866	19.56
3867	19.56
3868	19.56
3869	19.56
3870	19.56
3871	19.56
3872	19.56
3873	19.56
3874	19.56
3875	19.56
3876	19.56
3877	19.56
3878	19.56
3879	19.56
3880	19.56
3881	19.56
3882	19.56
3883	19.56
3884	19.57
3885	19.58
3886	19.59
3887	19.61
3888	19.62
3889	19.64
3890	19.65
3891	19.67
3892	19.69
3893	19.71
3894	19.73
3895	19.74
3896	19.76
3897	19.76
3898	19.75
3899	19.75
3900	19.74
3901	19.74
3902	19.73
3903	19.72
3904	19.7
3905	19.69
3906	19.67
3907	19.66
3908	19.65
3909	19.64
3910	19.64
3911	19.63
3912	19.63
3913	19.62
3914	19.62
3915	19.61
3916	19.6
3917	19.6
3918	19.59
3919	19.59
3920	19.58
3921	19.58
3922	19.57
3923	19.57
3924	19.57
3925	19.57
3926	19.56
3927	19.56
3928	19.56
3929	19.55
3930	19.55
3931	19.55
3932	19.55
3933	19.55
3934	19.55
3935	19.56
3936	19.98
3937	19.98
3938	19.98
3939	19.98
3940	19.98
3941	20
3942	20.02
3943	20.02
3944	20.02
3945	20.03
3946	20.03
3947	20.05
3948	20.07
3949	20.1
3950	20.14
3951	20.16
3952	20.18
3953	20.18
3954	20.17
3955	20.17
3956	20.17
3957	20.17
3958	20.15
3959	20.14
3960	20.13
3961	20.12
3962	20.11
3963	20.09
3964	20.08
3965	20.07
3966	20.06
3967	20.05
3968	20.04
3969	20.02
3970	20.02
3971	20.02
3972	20.01
3973	20.01
3974	20.01
3975	20.01
3976	20.02
3977	20.06
3978	20.35
3979	20.76
3980	20.96
3981	21.09
3982	21.21
3983	21.29
3984	21.31
3985	21.3
3986	21.28
3987	21.25
3988	21.21
3989	21.17
3990	21.13
3991	21.09
3992	21.05
3993	20.99
3994	20.94
3995	20.86
3996	20.78
3997	20.7
3998	20.63
3999	20.57
4000	20.52
4001	20.5
4002	20.49
4003	20.44
4004	20.42
4005	20.4
4006	20.39
4007	20.37
4008	20.36
4009	20.34
4010	20.33
4011	20.32
4012	20.3
4013	20.29
4014	20.28
4015	20.26
4016	20.25
4017	20.24
4018	20.23
4019	20.22
4020	20.2
4021	20.19
4022	20.18
4023	20.17
4024	20.16
4025	20.16
4026	20.15
4027	20.14
4028	20.13
4029	20.12
4030	20.11
4031	20.11
4032	20.1
4033	20.1
4034	20.09
4035	20.08
4036	20.08
4037	20.07
4038	20.07
4039	20.06
4040	20.06
4041	20.06
4042	20.05
4043	20.05
4044	20.04
4045	20.04
4046	20.04
4047	20.03
4048	20.03
4049	20.02
4050	20.02
4051	20.02
4052	20.01
4053	20.01
4054	20
4055	20
4056	20
4057	19.99
4058	19.99
4059	19.98
4060	19.98
4061	19.98
4062	19.97
4063	19.97
4064	19.96
4065	19.96
4066	19.96
4067	19.95
4068	19.95
4069	19.95
4070	19.94
4071	19.94
4072	19.94
4073	19.93
4074	19.93
4075	19.93
4076	19.92
4077	19.92
4078	19.92
4079	19.92
4080	19.91
4081	19.91
4082	19.91
4083	19.91
4084	19.9
4085	19.9
4086	19.9
4087	19.9
4088	19.9
4089	19.89
4090	19.89
4091	19.89
4092	19.89
4093	19.89
4094	19.88
4095	19.88
4096	19.88
4097	19.88
4098	19.87
4099	19.87
4100	19.87
4101	19.87
4102	19.87
4103	19.86
4104	19.86
4105	19.86
4106	19.86
4107	19.86
4108	19.85
4109	19.85
4110	19.85
4111	19.85
4112	19.85
4113	19.85
4114	19.84
4115	19.84
4116	19.84
4117	19.84
4118	19.84
4119	19.83
4120	19.83
4121	19.83
4122	19.83
4123	19.83
4124	19.83
4125	19.82
4126	19.82
4127	19.82
4128	19.82
4129	19.82
4130	19.81
4131	19.81
4132	19.81
4133	19.81
4134	19.81
4135	19.81
4136	19.8
4137	19.8
4138	19.8
4139	19.8
4140	19.8
4141	19.8
4142	19.8
4143	19.79
4144	19.79
4145	19.79
4146	19.79
4147	19.79
4148	19.79
4149	19.79
4150	19.78
4151	19.78
4152	19.78
4153	19.78
4154	19.78
4155	19.78
4156	19.78
4157	19.77
4158	19.77
4159	19.77
4160	19.77
4161	19.77
4162	19.77
4163	19.77
4164	19.76
4165	19.76
4166	19.76
4167	19.76
4168	19.76
4169	19.76
4170	19.75
4171	19.75
4172	19.75
4173	19.75
4174	19.75
4175	19.75
4176	19.75
4177	19.75
4178	19.75
4179	19.75
4180	19.75
4181	19.75
4182	19.75
4183	19.75
4184	19.74
4185	19.74
4186	19.74
4187	19.74
4188	19.74
4189	19.74
4190	19.74
4191	19.74
4192	19.74
4193	19.74
4194	19.74
4195	19.74
4196	19.74
4197	19.73
4198	19.73
4199	19.73
4200	19.73
4201	19.73
4202	19.73
4203	19.73
4204	19.73
4205	19.73
4206	19.73
4207	19.73
4208	19.73
4209	19.73
4210	19.73
4211	19.73
4212	19.73
4213	19.73
4214	19.72
4215	19.72
4216	19.72
4217	19.72
4218	19.72
4219	19.72
4220	19.72
4221	19.72
4222	19.72
4223	19.72
4224	19.72
4225	19.72
4226	19.9
4227	20.2
4228	20.46
4229	20.68
4230	21.01
4231	21.33
4232	21.57
4233	21.84
4234	22.08
4235	22.18
4236	22.24
4237	22.26
4238	22.24
4239	22.19
4240	22.13
4241	22.04
4242	21.94
4243	21.87
4244	21.81
4245	21.72
4246	21.62
4247	21.53
4248	21.44
4249	21.33
4250	21.24
4251	21.15
4252	21.08
4253	21.02
4254	20.94
4255	20.87
4256	20.81
4257	20.76
4258	20.71
4259	20.67
4260	20.63
4261	20.58
4262	20.54
4263	20.5
4264	20.49
4265	20.45
4266	20.43
4267	20.41
4268	20.4
4269	20.38
4270	20.36
4271	20.35
4272	20.34
4273	20.33
4274	20.32
4275	20.35
4276	20.43
4277	20.53
4278	20.71
4279	20.83
4280	20.95
4281	21.03
4282	21.08
4283	21.11
4284	21.13
4285	21.14
4286	21.12
4287	21.11
4288	21.09
4289	21.07
4290	21.04
4291	21.02
4292	20.99
4293	20.96
4294	20.92
4295	20.87
4296	20.83
4297	20.79
4298	20.76
4299	20.73
4300	20.7
4301	20.67
4302	20.64
4303	20.61
4304	20.58
4305	20.55
4306	20.51
4307	20.49
4308	20.46
4309	20.44
4310	20.43
4311	20.41
4312	20.39
4313	20.38
4314	20.36
4315	20.35
4316	20.33
4317	20.32
4318	20.3
4319	20.29
4320	20.28
4321	20.28
4322	20.27
4323	20.26
4324	20.25
4325	20.24
4326	20.24
4327	20.23
4328	20.22
4329	20.21
4330	20.2
4331	20.2
4332	20.19
4333	20.19
4334	20.18
4335	20.17
4336	20.17
4337	20.16
4338	20.16
4339	20.15
4340	20.15
4341	20.14
4342	20.14
4343	20.13
4344	20.13
4345	20.12
4346	20.12
4347	20.11
4348	20.1
4349	20.09
4350	20.09
4351	20.08
4352	20.07
4353	20.06
4354	20.05
4355	20.05
4356	20.04
4357	20.04
4358	20.03
4359	20.03
4360	20.02
4361	20.02
4362	20.02
4363	20.01
4364	20.01
4365	20
4366	20
4367	20
4368	19.99
4369	19.99
4370	19.99
4371	19.99
4372	19.98
4373	19.98
4374	19.98
4375	20
4376	20.11
4377	20.22
4378	20.43
4379	20.83
4380	21.28
4381	21.77
4382	22.14
4383	22.47
4384	22.69
4385	22.84
4386	22.96
4387	23.05
4388	23.08
4389	23.09
4390	23.08
4391	23.07
4392	23.04
4393	23
4394	22.97
4395	22.87
4396	22.8
4397	22.74
4398	22.68
4399	22.6
4400	22.53
4401	22.47
4402	22.38
4403	22.27
4404	22.17
4405	22.07
4406	22
4407	21.92
4408	21.83
4409	21.74
4410	21.66
4411	21.57
4412	21.48
4413	21.4
4414	21.33
4415	21.27
4416	21.2
4417	21.13
4418	21.06
4419	21.06
4420	21.07
4421	21.04
4422	21.02
4423	21.01
4424	21.07
4425	21.19
4426	21.33
4427	21.47
4428	21.61
4429	21.7
4430	21.76
4431	21.79
4432	21.82
4433	21.81
4434	21.77
4435	21.73
4436	21.68
4437	21.64
4438	21.6
4439	21.54
4440	21.49
4441	21.43
4442	21.37
4443	21.31
4444	21.27
4445	21.22
4446	21.18
4447	21.13
4448	21.08
4449	21.04
4450	21
4451	20.96
4452	20.94
4453	20.91
4454	20.89
4455	20.87
4456	20.86
4457	20.84
4458	20.82
4459	20.8
4460	20.78
4461	20.76
4462	20.74
4463	20.72
4464	20.7
4465	20.68
4466	20.66
4467	20.64
4468	20.62
4469	20.6
4470	20.59
4471	20.57
4472	20.55
4473	20.53
4474	20.51
4475	20.48
4476	20.47
4477	20.45
4478	20.44
4479	20.43
4480	20.42
4481	20.41
4482	20.4
4483	20.39
4484	20.38
4485	20.37
4486	20.36
4487	20.35
4488	20.34
4489	20.34
4490	20.33
4491	20.32
4492	20.31
4493	20.31
4494	20.3
4495	20.29
4496	20.28
4497	20.27
4498	20.27
4499	20.26
4500	20.25
4501	20.24
4502	20.24
4503	20.23
4504	20.22
4505	20.21
4506	20.2
4507	20.2
4508	20.2
4509	20.19
4510	20.19
4511	20.19
4512	20.19
4513	20.18
4514	20.18
4515	20.18
4516	20.17
4517	20.17
4518	20.17
4519	20.17
4520	20.17
4521	20.17
4522	20.17
4523	20.17
4524	20.17
4525	20.17
4526	20.17
4527	20.17
4528	20.16
4529	20.16
4530	20.15
4531	20.14
4532	20.13
4533	20.12
4534	20.12
4535	20.11
4536	20.11
4537	20.1
4538	20.1
4539	20.13
4540	20.18
4541	20.2
4542	20.22
4543	20.23
4544	20.25
4545	20.28
4546	20.3
4547	20.34
4548	20.38
4549	20.41
4550	20.4
4551	20.38
4552	20.36
4553	20.34
4554	20.32
4555	20.3
4556	20.28
4557	20.26
4558	20.24
4559	20.22
4560	20.21
4561	20.19
4562	20.18
4563	20.17
4564	20.16
4565	20.17
4566	20.22
4567	20.35
4568	20.43
4569	20.49
4570	20.53
4571	20.53
4572	20.52
4573	20.52
4574	20.5
4575	20.46
4576	20.44
4577	20.41
4578	20.39
4579	20.37
4580	20.35
4581	20.33
4582	20.32
4583	20.3
4584	20.29
4585	20.27
4586	20.26
4587	20.25
4588	20.24
4589	20.23
4590	20.22
4591	20.21
4592	20.21
4593	20.2
4594	20.19
4595	20.18
4596	20.17
4597	20.15
4598	20.14
4599	20.13
4600	20.12
4601	20.11
4602	20.1
4603	20.09
4604	20.08
4605	20.08
4606	20.07
4607	20.06
4608	20.05
4609	20.05
4610	20.04
4611	20.04
4612	20.03
4613	20.03
4614	20.02
4615	20.02
4616	20.02
4617	20.01
4618	20.01
4619	20
4620	20
4621	20
4622	19.99
4623	19.99
4624	19.99
4625	19.98
4626	19.98
4627	19.98
4628	19.98
4629	19.99
4630	19.99
4631	19.99
4632	19.99
4633	19.99
4634	19.99
4635	19.99
4636	19.99
4637	19.99
4638	20.01
4639	20.01
4640	20
4641	19.99
4642	20
4643	20.01
4644	20.03
4645	20.05
4646	20.07
4647	20.08
4648	20.08
4649	20.09
4650	20.1
4651	20.09
4652	20.09
4653	20.08
4654	20.07
4655	20.07
4656	20.06
4657	20.05
4658	20.03
4659	20.02
4660	20.01
4661	20
4662	19.99
4663	19.98
4664	19.97
4665	19.97
4666	19.97
4667	19.96
4668	19.96
4669	19.95
4670	19.95
4671	19.95
4672	19.96
4673	19.98
4674	20.01
4675	20.02
4676	20.04
4677	20.06
4678	20.08
4679	20.1
4680	20.11
4681	20.11
4682	20.12
4683	20.12
4684	20.11
4685	20.1
4686	20.09
4687	20.08
4688	20.07
4689	20.06
4690	20.05
4691	20.05
4692	20.04
4693	20.03
4694	20.03
4695	20.02
4696	20.01
4697	20
4698	20
4699	19.99
4700	19.99
4701	19.98
4702	19.98
4703	19.97
4704	19.97
4705	19.96
4706	19.96
4707	19.96
4708	19.95
4709	19.95
4710	19.95
4711	19.94
4712	19.94
4713	19.93
4714	19.94
4715	19.94
4716	19.93
4717	19.93
4718	19.93
4719	19.92
4720	19.92
4721	19.92
4722	19.91
4723	19.91
4724	19.91
4725	19.91
4726	19.91
4727	19.91
4728	19.91
4729	19.91
4730	19.91
4731	19.91
4732	19.9
4733	19.9
4734	19.9
4735	19.9
4736	19.9
4737	19.9
4738	19.9
4739	19.9
4740	19.89
4741	19.89
4742	19.88
4743	19.88
4744	19.88
4745	19.87
4746	19.87
4747	19.87
4748	19.87
4749	19.87
4750	19.87
4751	19.87
4752	19.86
4753	19.86
4754	19.86
4755	19.86
4756	20
4757	20.02
4758	20.04
4759	20.13
4760	20.26
4761	20.34
4762	20.44
4763	20.55
4764	20.64
4765	20.74
4766	20.79
4767	20.81
4768	20.83
4769	20.8
4770	20.77
4771	20.73
4772	20.71
4773	20.7
4774	20.8
4775	20.88
4776	20.97
4777	21.08
4778	21.2
4779	21.34
4780	21.45
4781	21.52
4782	21.56
4783	21.59
4784	21.61
4785	21.61
4786	21.59
4787	21.57
4788	21.53
4789	21.48
4790	21.42
4791	21.36
4792	21.3
4793	21.24
4794	21.18
4795	21.12
4796	21.07
4797	21.01
4798	20.97
4799	20.92
4800	20.88
4801	20.83
4802	20.79
4803	20.75
4804	20.71
4805	20.67
4806	20.63
4807	20.6
4808	20.57
4809	20.54
4810	20.51
4811	20.5
4812	20.48
4813	20.46
4814	20.43
4815	20.41
4816	20.4
4817	20.38
4818	20.37
4819	20.35
4820	20.34
4821	20.32
4822	20.31
4823	20.29
4824	20.28
4825	20.27
4826	20.26
4827	20.25
4828	20.24
4829	20.24
4830	20.23
4831	20.22
4832	20.21
4833	20.2
4834	20.19
4835	20.19
4836	20.18
4837	20.17
4838	20.16
4839	20.16
4840	20.15
4841	20.14
4842	20.14
4843	20.13
4844	20.13
4845	20.12
4846	20.12
4847	20.11
4848	20.11
4849	20.1
4850	20.09
4851	20.09
4852	20.08
4853	20.08
4854	20.07
4855	20.07
4856	20.06
4857	20.06
4858	20.05
4859	20.04
4860	20.04
4861	20.03
4862	20.02
4863	20.02
4864	20.02
4865	20.01
4866	20.01
4867	20.01
4868	20.01
4869	20.01
4870	20
4871	20
4872	20
4873	20
4874	20
4875	20
4876	20
4877	20.01
4878	20.01
4879	20.02
4880	20.02
4881	20.03
4882	20.04
4883	20.05
4884	20.06
4885	20.07
4886	20.07
4887	20.07
4888	20.06
4889	20.06
4890	20.05
4891	20.05
4892	20.04
4893	20.03
4894	20.03
4895	20.02
4896	20.01
4897	20
4898	19.99
4899	19.99
4900	19.98
4901	19.98
4902	19.98
4903	19.97
4904	19.97
4905	19.96
4906	19.97
4907	19.96
4908	19.96
4909	19.96
4910	19.95
4911	19.95
4912	19.95
4913	19.94
4914	19.94
4915	19.94
4916	19.94
4917	19.93
4918	19.93
4919	19.93
4920	19.93
4921	20.01
4922	20.09
4923	20.14
4924	20.23
4925	20.36
4926	20.52
4927	20.67
4928	20.76
4929	20.83
4930	20.88
4931	20.89
4932	20.86
4933	20.83
4934	20.8
4935	20.76
4936	20.72
4937	20.68
4938	20.64
4939	20.6
4940	20.56
4941	20.53
4942	20.5
4943	20.48
4944	20.43
4945	20.41
4946	20.39
4947	20.37
4948	20.34
4949	20.32
4950	20.29
4951	20.27
4952	20.25
4953	20.23
4954	20.22
4955	20.2
4956	20.19
4957	20.18
4958	20.17
4959	20.16
4960	20.15
4961	20.15
4962	20.14
4963	20.13
4964	20.13
4965	20.12
4966	20.12
4967	20.11
4968	20.11
4969	20.1
4970	20.09
4971	20.09
4972	20.08
4973	20.08
4974	20.07
4975	20.06
4976	20.05
4977	20.04
4978	20.04
4979	20.03
4980	20.03
4981	20.02
4982	20.02
4983	20.02
4984	20.01
4985	20.01
4986	20.01
4987	20.01
4988	20.01
4989	20.01
4990	20.01
4991	20
4992	20
4993	20
4994	20.01
4995	20.07
4996	20.06
4997	20.04
4998	20.06
4999	20.1
5000	20.13